0.624755 -0.046068 0.779461 2000.000000
-0.992967 0.016743 0.117204 1000.000000
-0.992967 0.016743 0.117204 0.001000
-0.554035 -0.832241 -0.020526 2000.000000
-0.554035 -0.832241 -0.020526 0.001000
-0.233724 -0.368969 -0.899575 1000.000000
-0.233724 -0.368969 -0.899575 0.001000
-0.411483 -0.388988 0.824239 1000.000000
-0.411483 -0.388988 0.824239 0.001000
-0.192102 -0.265708 0.944720 2000.000000
-0.192102 -0.265708 0.944720 0.001000
0.472597 -0.812800 0.340600 300.000000
0.472597 -0.812800 0.340600 0.001000
-0.729890 0.501335 0.464676 2000.000000
0.412473 -0.547845 -0.727827 2000.000000
0.462289 0.801056 0.380260 2000.000000
-0.674390 0.298671 0.675273 2000.000000
-0.233520 0.951765 -0.199028 1000.000000
0.413691 -0.685432 0.599202 2000.000000
-0.398065 0.502095 -0.767753 1000.000000
0.935431 0.019948 -0.352946 2000.000000
0.712546 -0.668028 -0.214515 2000.000000
0.945834 0.199517 0.256110 300.000000
0.301218 -0.065563 0.951299 1000.000000
0.932333 0.002352 0.361593 1000.000000
-0.380083 -0.903168 -0.199561 300.000000
0.139131 0.167223 0.976053 2000.000000
0.528127 0.569658 0.629739 1000.000000
0.472219 0.862142 -0.183633 1000.000000
-0.001305 0.437716 -0.899112 1000.000000
0.570440 -0.571015 -0.590373 1000.000000
-0.547928 0.060317 0.834348 1000.000000
-0.229839 -0.823925 0.517998 1000.000000
-0.018021 0.987120 -0.158966 2000.000000
-0.452889 -0.393742 -0.799912 2000.000000
0.721979 0.327988 -0.609237 2000.000000
0.624047 -0.666718 0.407496 1000.000000
0.082942 0.779527 0.620853 2000.000000
0.162477 -0.786506 0.595827 1000.000000
-0.341052 -0.001988 0.940042 2000.000000
0.892630 -0.269072 -0.361680 2000.000000
0.154323 -0.981526 -0.113101 2000.000000
-0.816844 0.180878 0.547767 1000.000000
-0.090414 -0.994341 -0.055779 1000.000000
0.854562 -0.272794 0.441936 2000.000000
0.464920 0.752019 -0.467245 2000.000000
-0.772024 -0.631380 -0.073066 2000.000000
-0.653146 -0.176513 -0.736372 1000.000000
-0.404817 0.911842 -0.068320 2000.000000
0.120958 0.003446 -0.992652 1000.000000
-0.692000 -0.601439 -0.399259 2000.000000
-0.710698 -0.023458 0.703106 2000.000000
-0.372365 0.763857 0.527131 2000.000000
-0.573687 0.712183 0.404573 300.000000
0.669759 0.704838 -0.233721 2000.000000
0.620326 -0.783615 -0.033807 1000.000000
-0.963060 0.257315 0.079406 2000.000000
-0.126360 0.587137 0.799564 2000.000000
-0.290532 0.911214 0.292029 1000.000000
0.816341 -0.008193 0.577512 2000.000000
0.509346 0.530761 -0.677391 2000.000000
0.281720 -0.869319 0.406101 2000.000000
0.522652 0.211535 -0.825886 2000.000000
-0.858983 -0.239172 -0.452708 2000.000000
0.793511 -0.530771 0.297695 2000.000000
0.164036 -0.597754 0.784718 2000.000000
0.139447 -0.746791 -0.650275 1000.000000
0.943323 0.270845 -0.191795 2000.000000
0.907082 -0.381608 0.177702 1000.000000
0.116430 -0.897011 -0.426398 2000.000000
-0.230482 -0.852783 -0.468657 1000.000000
-0.263863 0.406628 0.874660 1000.000000
-0.857825 -0.250903 0.448536 1000.000000
-0.837452 -0.429620 -0.337788 1000.000000
-0.010765 -0.902673 0.430192 2000.000000
-0.684204 -0.382359 -0.621021 2000.000000
-0.139320 0.237055 0.961455 2000.000000
0.072390 0.737562 -0.671388 2000.000000
0.969143 -0.150293 0.195384 2000.000000
-0.992960 -0.102636 -0.059125 2000.000000
-0.477559 0.850111 0.221921 2000.000000
-0.002788 0.425072 0.905155 300.000000
-0.867042 -0.488899 0.096005 1000.000000
0.635333 -0.750816 0.180631 2000.000000
-0.726357 0.255396 -0.638105 1000.000000
0.144241 0.948331 0.282600 2000.000000
-0.364907 -0.689235 -0.625937 2000.000000
-0.544882 0.347937 -0.762917 2000.000000
0.614119 0.760065 0.212507 1000.000000
0.448653 -0.271039 -0.851615 2000.000000
-0.199414 -0.527910 0.825558 2000.000000
0.804455 0.479565 -0.350528 2000.000000
-0.913934 -0.388239 -0.118304 2000.000000
-0.465898 0.184605 -0.865367 300.000000
-0.832767 -0.057870 0.550591 300.000000
0.277941 0.912400 -0.300458 2000.000000
0.637078 0.590668 -0.495220 1000.000000
0.317659 0.665247 -0.675677 300.000000
0.073567 -0.135048 0.988104 2000.000000
-0.253675 0.337757 -0.906405 2000.000000
-0.844375 0.535744 -0.003023 2000.000000
-0.422093 -0.120223 -0.898545 2000.000000
0.850797 -0.470393 -0.234253 1000.000000
0.288925 0.957264 -0.012994 2000.000000
0.655101 -0.505548 0.561484 2000.000000
-0.177442 -0.554359 -0.813142 2000.000000
0.000000 0.000000 0.000000 0.000000
