0.109536 0.044871 0.992969
-0.009419 0.008417 0.999920
0.022209 0.130635 -0.991182
-0.183877 0.055004 -0.981409
0.139523 0.157138 0.977671
0.021373 0.125636 0.991846
-0.067287 0.208036 0.975804
-0.094578 0.093455 0.991121
0.114932 0.025336 -0.993050
0.133963 0.132982 -0.982023
-0.096923 0.171440 -0.980415
-0.072912 0.065883 -0.995160
-0.305698 0.009595 -0.952080
0.222260 0.066087 0.972745
0.255306 0.179539 0.950044
0.168227 0.266132 0.949144
0.049761 0.238552 0.969854
-0.040806 0.319393 0.946743
-0.156226 0.284070 0.945990
-0.182818 0.167864 0.968710
-0.206401 0.047102 0.977333
0.231579 0.073216 -0.970057
0.224706 0.198964 -0.953898
0.102568 0.237504 -0.965956
-0.011374 0.250399 -0.968076
-0.127226 0.286284 -0.949661
-0.202352 0.198257 -0.959035
-0.272558 0.115710 -0.955156
0.416781 0.001722 0.909005
0.340267 0.097767 0.935233
0.370914 0.204494 0.905872
0.284214 0.287929 0.914505
0.193958 0.371092 0.908114
0.076382 0.346677 0.934869
-0.016468 0.425935 0.904604
-0.131257 0.395424 0.909072
-0.242947 0.356935 0.901983
-0.267894 0.241251 0.932754
-0.292486 0.121283 0.948547
0.314543 0.000938 -0.949243
0.323284 0.138537 -0.936106
0.303035 0.270783 -0.913699
0.189891 0.311886 -0.930950
0.070472 0.343103 -0.936650
-0.045532 0.363802 -0.930363
-0.169789 0.388134 -0.905828
-0.247925 0.303895 -0.919881
-0.322966 0.216173 -0.921391
-0.381332 0.109025 -0.917987
0.519899 0.010586 0.854162
0.450336 0.111146 0.885914
0.479372 0.218503 0.849976
0.397273 0.308766 0.864198
0.308564 0.391601 0.866855
0.215592 0.471226 0.855258
0.099746 0.449569 0.887659
0.003976 0.526463 0.850189
-0.109733 0.500457 0.858779
-0.220924 0.466326 0.856582
-0.328479 0.424448 0.843769
-0.350759 0.311641 0.883090
-0.375812 0.195773 0.905781
-0.399456 0.080607 0.913202
0.412943 0.036079 -0.910042
0.424733 0.144625 -0.893692
0.405898 0.250765 -0.878842
0.377209 0.358715 -0.853836
0.268480 0.386832 -0.882202
0.153624 0.420173 -0.894346
0.034723 0.446493 -0.894113
-0.086630 0.464105 -0.881534
-0.212016 0.482640 -0.849769
-0.292058 0.401488 -0.868049
-0.367882 0.313994 -0.875255
-0.432854 0.211950 -0.876193
-0.483940 0.101589 -0.869184
0.615011 0.018860 0.788293
0.552276 0.121232 0.824799
0.579294 0.229291 0.782205
0.503219 0.322626 0.801675
0.418515 0.409320 0.810742
0.327765 0.490174 0.807651
0.232520 0.565573 0.791241
0.118738 0.546406 0.829060
0.019884 0.619772 0.784530
-0.093195 0.597737 0.796257
-0.204363 0.567253 0.797784
-0.312638 0.528335 0.789379
-0.417090 0.480335 0.771566
-0.431640 0.374254 0.820744
-0.456679 0.261235 0.850412
-0.484000 0.148809 0.862322
-0.501868 0.032868 0.864320
0.515965 0.082034 -0.852673
0.511751 0.201088 -0.835269
0.486406 0.314147 -0.815304
0.452878 0.422773 -0.784961
0.342225 0.464309 -0.816883
0.230350 0.494403 -0.838156
0.114311 0.522459 -0.844967
-0.005853 0.542066 -0.840315
-0.127738 0.555779 -0.821458
-0.249173 0.572653 -0.781013
-0.330325 0.494972 -0.803672
-0.407474 0.409474 -0.816270
-0.476190 0.312320 -0.822009
-0.534148 0.206197 -0.819859
-0.579765 0.094369 -0.809300
0.701398 0.027477 0.712240
0.645522 0.130399 0.752527
0.669728 0.238869 0.703140
0.600087 0.333563 0.727070
0.521084 0.422439 0.741632
0.434010 0.504987 0.746072
0.341665 0.582947 0.737183
0.245751 0.652980 0.716396
0.133643 0.636104 0.759942
0.036276 0.705019 0.708260
-0.076661 0.686847 0.722747
-0.188227 0.659753 0.727528
-0.297560 0.623525 0.722962
-0.403800 0.577440 0.709583
-0.506252 0.519305 0.688499
-0.517064 0.421752 0.744829
-0.533072 0.321525 0.782596
-0.562421 0.215359 0.798313
-0.582668 0.099983 0.806537
0.598577 0.016709 -0.800891
0.601361 0.137039 -0.787138
0.587962 0.256835 -0.767030
0.559012 0.369972 -0.742042
0.521311 0.477892 -0.707004
0.413292 0.527099 -0.742533
0.301047 0.565411 -0.767907
0.187441 0.594436 -0.781992
0.070442 0.616624 -0.784100
-0.047469 0.630404 -0.774815
-0.165637 0.641193 -0.749290
-0.258733 0.669084 -0.696695
-0.351591 0.590183 -0.726683
-0.435356 0.505145 -0.745180
-0.510099 0.411020 -0.755554
-0.574113 0.308674 -0.758363
-0.626796 0.199920 -0.753100
-0.667730 0.086742 -0.739332
0.778375 0.037089 0.626703
0.729250 0.139550 0.669866
0.749793 0.247751 0.613539
0.686568 0.342891 0.641131
0.613679 0.433021 0.660221
0.531923 0.517112 0.670562
0.442610 0.595097 0.670788
0.349648 0.670165 0.654695
0.260454 0.732682 0.628761
0.149621 0.717447 0.680355
0.059953 0.781193 0.621404
-0.052613 0.767507 0.638877
-0.164516 0.744375 0.647178
-0.274856 0.711464 0.646741
-0.382753 0.668134 0.638042
-0.487370 0.612204 0.622637
-0.587110 0.536253 0.606411
-0.600579 0.431864 0.672903
-0.682040 0.361959 0.635458
-0.622585 0.307456 0.719624
-0.650267 0.176787 0.738850
-0.671286 0.054538 0.739189
0.680541 0.067825 -0.729564
0.675491 0.189667 -0.712558
0.656196 0.307921 -0.688905
0.623464 0.419789 -0.659598
0.581614 0.525884 -0.620622
0.477229 0.580681 -0.659592
0.366271 0.625386 -0.689012
0.252562 0.660650 -0.706933
0.135907 0.685612 -0.715168
0.018648 0.703203 -0.710744
-0.099935 0.709450 -0.697635
-0.174483 0.756316 -0.630510
-0.282877 0.738586 -0.611940
-0.372020 0.669389 -0.643055
-0.457735 0.591086 -0.664150
-0.535888 0.502728 -0.678298
-0.604994 0.405610 -0.685173
-0.663542 0.301309 -0.684781
-0.710934 0.191418 -0.676706
-0.747094 0.077634 -0.660169
0.845231 0.047594 0.532277
0.802732 0.148836 0.577468
0.819269 0.254321 0.513926
0.762060 0.349834 0.544868
0.694767 0.441242 0.567983
0.617925 0.527304 0.583197
0.531990 0.607198 0.590167
0.437017 0.681646 0.586835
0.335224 0.763902 0.551433
0.245385 0.822140 0.513685
0.172708 0.788641 0.590099
0.103411 0.844855 0.524906
-0.013909 0.838156 0.545252
-0.128465 0.820181 0.557494
-0.240992 0.791659 0.561426
-0.350818 0.752446 0.557451
-0.456858 0.701589 0.546858
-0.556857 0.637250 0.532750
-0.646169 0.567180 0.510659
-0.675292 0.458076 0.578055
-0.756058 0.303684 0.579786
-0.705977 0.242127 0.665560
-0.733906 0.122587 0.668098
-0.749251 0.001888 0.662284
0.751447 0.119441 -0.648892
0.740264 0.239020 -0.628394
0.715918 0.354504 -0.601488
0.679344 0.463847 -0.568628
0.633624 0.566951 -0.526392
0.534012 0.625997 -0.568295
0.425390 0.675489 -0.602293
0.312830 0.716538 -0.623467
0.194432 0.746125 -0.636784
0.132506 0.821879 -0.554037
0.010709 0.835051 -0.550069
-0.045380 0.777295 -0.627498
-0.120130 0.826324 -0.550234
-0.243285 0.809086 -0.534970
-0.372182 0.749605 -0.547332
-0.466655 0.673994 -0.572683
-0.550994 0.589748 -0.590426
-0.625553 0.497237 -0.601198
-0.689966 0.397487 -0.604939
-0.743460 0.291689 -0.601818
-0.785782 0.181143 -0.591383
-0.816951 0.067175 -0.572781
0.901826 0.057485 0.428259
0.865830 0.156111 0.475360
0.880117 0.249653 0.403816
0.828150 0.348613 0.438904
0.765908 0.442908 0.466067
0.694105 0.531543 0.485470
0.613595 0.613384 0.497254
0.525425 0.687389 0.501423
0.429670 0.752687 0.498844
0.372357 0.821460 0.431918
0.271326 0.866639 0.418711
0.158379 0.885359 0.437099
0.033421 0.894375 0.446069
-0.084319 0.883798 0.460208
-0.199433 0.860918 0.468024
-0.312030 0.826581 0.468402
-0.421285 0.780417 0.462025
-0.525862 0.721515 0.450428
-0.623460 0.652000 0.431500
-0.714927 0.570869 0.403719
-0.724969 0.490834 0.483220
-0.768024 0.387770 0.509680
-0.824816 0.266983 0.498397
-0.786655 0.189716 0.587522
-0.807757 0.072062 0.585095
0.816343 0.047526 -0.575609
0.812306 0.166824 -0.558864
0.795614 0.283648 -0.535297
0.766628 0.395905 -0.505510
0.726304 0.501829 -0.469735
0.676869 0.601049 -0.424957
0.583520 0.663414 -0.468386
0.478693 0.716124 -0.507957
0.369724 0.761897 -0.531805
0.251169 0.795533 -0.551400
0.188587 0.865286 -0.464452
0.069931 0.883432 -0.463312
-0.051710 0.884613 -0.463450
-0.166715 0.874881 -0.454740
-0.276597 0.854741 -0.439218
-0.373888 0.808516 -0.454433
-0.470798 0.743485 -0.474951
-0.558175 0.666317 -0.494431
-0.637072 0.579802 -0.507907
-0.706482 0.485366 -0.515076
-0.765661 0.384360 -0.515782
-0.813852 0.278095 -0.510205
-0.850960 0.167900 -0.497672
-0.876619 0.054824 -0.478053
0.952131 0.039549 0.303121
0.921135 0.146508 0.360619
0.926789 0.239660 0.289181
0.881076 0.341673 0.327055
0.823903 0.439488 0.357820
0.755949 0.532235 0.381139
0.677815 0.618862 0.396960
0.590062 0.698259 0.405291
0.491993 0.769021 0.408104
0.440859 0.835312 0.328477
0.333811 0.884227 0.326669
0.210268 0.919007 0.333486
0.090415 0.932765 0.348963
-0.032066 0.933245 0.357806
-0.149869 0.917746 0.367806
-0.264590 0.889738 0.371965
-0.375440 0.850041 0.369426
-0.480668 0.799147 0.361002
-0.577810 0.738985 0.346464
-0.665585 0.671116 0.326496
-0.743427 0.598093 0.299335
-0.803540 0.507966 0.310313
-0.793973 0.452472 0.406050
-0.841543 0.344625 0.415979
-0.884186 0.224583 0.409607
-0.853358 0.147756 0.499948
-0.869108 0.027626 0.493851
0.872008 0.092174 -0.480734
0.862337 0.210106 -0.460685
0.840411 0.324468 -0.434085
0.806856 0.433420 -0.401411
0.762376 0.535662 -0.363111
0.707428 0.631847 -0.316726
0.625379 0.692935 -0.358806
0.524988 0.747859 -0.406318
0.422471 0.797330 -0.431027
0.304936 0.834233 -0.459424
0.240353 0.898196 -0.368070
0.123592 0.921349 -0.368566
0.003496 0.929603 -0.368545
-0.115490 0.925123 -0.361676
-0.233663 0.908261 -0.347079
-0.351757 0.868927 -0.348185
-0.456823 0.808696 -0.370573
-0.552609 0.736169 -0.390740
-0.637705 0.654064 -0.406857
-0.712935 0.563819 -0.416931
-0.777890 0.466684 -0.420825
-0.832034 0.364063 -0.418543
-0.874786 0.257466 -0.410440
-0.906380 0.148451 -0.395521
-0.925751 0.039014 -0.376115
-0.978125 0.017217 -0.207304
0.960030 0.131813 0.246917
0.960492 0.219926 0.170552
0.922136 0.325268 0.209441
0.871023 0.426405 0.243923
0.807944 0.523057 0.271364
0.733552 0.613876 0.291648
0.648343 0.697711 0.304714
0.552129 0.773021 0.312399
0.501067 0.835657 0.224967
0.392146 0.890964 0.228919
0.271993 0.932845 0.236264
0.146191 0.958479 0.244841
0.024978 0.966491 0.255482
-0.095713 0.959952 0.263310
-0.213220 0.938937 0.270062
-0.327496 0.905244 0.270702
-0.436856 0.859712 0.264674
-0.539133 0.803734 0.251690
-0.632822 0.738641 0.232260
-0.717902 0.664509 0.207471
-0.796228 0.571436 0.198701
-0.856455 0.472473 0.207975
-0.859013 0.405039 0.313112
-0.900665 0.296673 0.317471
-0.932587 0.179716 0.313024
-0.907964 0.104089 0.405916
0.918262 0.016495 -0.395631
0.915546 0.135651 -0.378648
0.900320 0.251705 -0.355061
0.873455 0.362542 -0.325022
0.835953 0.466253 -0.289468
0.787627 0.562973 -0.250408
0.726999 0.653551 -0.210579
0.647547 0.727338 -0.227294
0.566462 0.767765 -0.299428
0.471958 0.822092 -0.318466
0.354475 0.862098 -0.362125
0.289427 0.919641 -0.265504
0.177147 0.947101 -0.267615
0.060474 0.961314 -0.268735
-0.058071 0.962361 -0.265497
-0.178974 0.949658 -0.257136
-0.307219 0.917657 -0.252036
-0.430035 0.862855 -0.265616
-0.535434 0.794908 -0.285363
-0.628458 0.717003 -0.301575
-0.710147 0.630362 -0.313584
-0.781286 0.535891 -0.320020
-0.841662 0.434661 -0.320428
-0.890733 0.327872 -0.314794
-0.927871 0.216078 -0.303915
-0.965878 0.164661 -0.199917
-0.953557 0.097006 -0.285166
0.994923 0.000858 0.100635
0.984374 0.102926 0.142879
0.980801 0.187090 0.055012
0.950252 0.299049 0.087123
0.906608 0.402991 0.125141
0.849522 0.503625 0.157081
0.779900 0.598912 0.181825
0.698548 0.687127 0.199719
0.605749 0.766973 0.211708
0.553488 0.824280 0.119223
0.446308 0.885662 0.128107
0.329281 0.934383 0.136024
0.205710 0.967880 0.144538
0.082120 0.985310 0.149734
-0.038448 0.986809 0.157255
-0.157445 0.973725 0.164534
-0.274425 0.946708 0.168628
-0.387884 0.906723 0.165529
-0.494792 0.855164 0.154517
-0.592823 0.793796 0.135823
-0.682466 0.722061 0.113441
-0.766020 0.634897 0.100590
-0.838092 0.536875 0.096783
-0.894758 0.434246 0.104109
-0.906135 0.365923 0.212177
-0.943131 0.253979 0.214471
-0.967817 0.136472 0.211437
-0.950321 0.059315 0.305568
0.954674 0.061490 -0.291232
0.945789 0.180338 -0.270113
0.924508 0.294648 -0.241802
0.892126 0.401808 -0.206547
0.847437 0.503396 -0.168648
0.789841 0.599367 -0.130038
0.711043 0.694705 -0.108640
0.559896 0.804986 -0.196247
0.469315 0.864445 -0.180218
0.397337 0.879809 -0.260881
0.356596 0.920325 -0.160751
0.242847 0.956385 -0.162336
0.127015 0.978283 -0.163796
0.010704 0.986578 -0.162939
-0.104858 0.981769 -0.158536
-0.218088 0.963911 -0.152684
-0.323631 0.935189 -0.143821
-0.422173 0.892493 -0.158829
-0.519405 0.835894 -0.177478
-0.612562 0.766315 -0.193726
-0.698231 0.685436 -0.206519
-0.774323 0.595124 -0.215061
-0.839976 0.496831 -0.218172
-0.894384 0.392134 -0.215193
-0.936683 0.282230 -0.207294
-0.968228 0.229063 -0.100325
-0.988242 0.110009 -0.106188
0.995124 0.031564 -0.093446
0.996801 0.078160 0.016672
0.985804 0.152959 -0.069246
0.964105 0.263455 -0.033068
0.928144 0.372219 0.001617
0.879389 0.474473 0.039378
0.815796 0.574224 0.068876
0.739247 0.667257 0.091005
0.651356 0.751208 0.106876
0.596976 0.802201 0.009658
0.494455 0.868861 0.024395
0.382063 0.923524 0.033618
0.261067 0.964365 0.042954
0.139925 0.989096 0.045941
0.019037 0.998596 0.049437
-0.099859 0.993443 0.055675
-0.216693 0.974190 0.063227
-0.332532 0.940869 0.064712
-0.443486 0.894512 0.056289
-0.544760 0.837730 0.037999
-0.637931 0.769904 0.017098
-0.724973 0.688773 0.002491
-0.802580 0.596516 -0.005797
-0.868192 0.496176 -0.007274
-0.920308 0.391194 -0.000766
-0.939430 0.325047 0.108699
-0.971480 0.210551 0.109059
-0.989874 0.092472 0.107699
-0.979528 0.014520 0.200784
0.977363 0.107309 -0.182338
0.961764 0.225199 -0.155872
0.934551 0.334794 -0.120532
0.893910 0.440300 -0.084033
0.840379 0.540035 -0.046091
0.769631 0.638193 -0.019459
0.686583 0.727050 -0.001349
0.628140 0.770725 -0.106875
0.534612 0.841041 -0.082707
0.429217 0.900391 -0.071191
0.311626 0.948368 -0.059047
0.193689 0.979326 -0.058354
0.075216 0.995511 -0.057447
-0.042836 0.997619 -0.054051
-0.159211 0.986079 -0.047956
-0.272764 0.961279 -0.039268
-0.385388 0.921790 -0.042187
-0.488472 0.870486 -0.060406
-0.584239 0.807584 -0.080454
-0.674143 0.732318 -0.096138
-0.755742 0.646079 -0.106939
-0.826978 0.550839 -0.112622
-0.886645 0.448673 -0.112043
-0.933834 0.341804 -0.105474
-0.959933 0.280202 0.004002
-0.986504 0.163725 0.002119
-0.998910 0.046542 0.003598
0.075832 0.767759 -0.636236
